5 0
10 0
15 0
20 0
24 1
29 1
33 2
38 2
43 2
47 3
52 3
56 4
59 6
63 7
67 8
72 8
77 8
81 9
86 9
91 9
96 9
100 10
103 12
106 14
110 15
114 16
118 17
122 18
127 18
130 20
135 20
140 20
145 20
148 22
151 24
155 25
160 25
163 27
165 30
166 34
168 37
173 37
178 37
181 39
184 41
186 44
190 45
194 46
197 48
202 48
206 49
209 51
211 54
215 55
218 57
223 57
227 58
231 59
233 62
237 63
241 64
243 67
246 69
250 70
252 73
256 74
258 77
261 79
266 79
269 81
272 83
276 84
280 85
285 85
285 90
287 93
289 96
292 98
295 100
296 104
299 106
301 109
302 113
306 114
309 116
310 120
312 123
314 126
318 127
321 129
322 133
325 135
328 137
330 140
334 141
335 145
336 149
336 154
339 156
342 158
345 160
347 163
348 167
352 168
353 172
357 173
360 175
363 177
364 181
366 184
368 187
370 190
372 193
372 198
375 200
378 202
379 206
381 209
383 212
384 216
387 218
391 219
392 223
395 225
398 227
400 230
402 233
403 237
404 241
406 244
409 246
412 248
414 251
415 255
416 259
419 261
422 263
423 267
427 268
429 271
430 275
432 278
433 282
433 287
435 290
438 292
441 294
442 298
443 302
445 305
446 309
449 311
451 314
453 317
455 320
455 325
456 329
457 333
457 338
457 343
