1.900083333333333258e+03 1.000000000000000000e+01
1.900166666666666742e+03 1.259999999999999964e+01
1.900250000000000000e+03 7.299999999999999822e+00
1.900333333333333258e+03 1.810000000000000142e+01
1.900416666666666742e+03 1.359999999999999964e+01
1.900500000000000000e+03 1.180000000000000071e+01
1.900583333333333258e+03 8.099999999999999645e+00
1.900666666666666742e+03 4.299999999999999822e+00
1.900750000000000000e+03 8.500000000000000000e+00
1.900833333333333258e+03 1.019999999999999929e+01
1.900916666666666742e+03 5.099999999999999645e+00
1.901000000000000000e+03 0.000000000000000000e+00
1.901083333333333258e+03 0.000000000000000000e+00
1.901166666666666742e+03 1.699999999999999956e+00
1.901250000000000000e+03 4.799999999999999822e+00
1.901333333333333258e+03 1.000000000000000056e-01
1.901416666666666742e+03 5.900000000000000355e+00
1.901500000000000000e+03 8.099999999999999645e+00
1.901583333333333258e+03 9.000000000000000222e-01
1.901666666666666742e+03 1.000000000000000056e-01
1.901750000000000000e+03 2.000000000000000111e-01
1.901833333333333258e+03 2.500000000000000000e+00
1.901916666666666742e+03 5.500000000000000000e+00
1.902000000000000000e+03 0.000000000000000000e+00
1.902083333333333258e+03 4.500000000000000000e+00
1.902166666666666742e+03 0.000000000000000000e+00
1.902250000000000000e+03 7.200000000000000178e+00
1.902333333333333258e+03 0.000000000000000000e+00
1.902416666666666742e+03 3.899999999999999911e+00
1.902500000000000000e+03 1.500000000000000000e+00
1.902583333333333258e+03 6.999999999999999556e-01
1.902666666666666742e+03 1.000000000000000000e+00
1.902750000000000000e+03 7.500000000000000000e+00
1.902833333333333258e+03 1.369999999999999929e+01
1.902916666666666742e+03 4.799999999999999822e+00
1.903000000000000000e+03 5.000000000000000000e-01
1.903083333333333258e+03 7.799999999999999822e+00
1.903166666666666742e+03 2.280000000000000071e+01
1.903250000000000000e+03 1.290000000000000036e+01
1.903333333333333258e+03 2.630000000000000071e+01
1.903416666666666742e+03 1.569999999999999929e+01
1.903500000000000000e+03 1.660000000000000142e+01
1.903583333333333258e+03 2.789999999999999858e+01
1.903666666666666742e+03 2.800000000000000000e+01
1.903750000000000000e+03 1.219999999999999929e+01
1.903833333333333258e+03 2.539999999999999858e+01
1.903916666666666742e+03 3.529999999999999716e+01
1.904000000000000000e+03 5.889999999999999858e+01
1.904083333333333258e+03 3.310000000000000142e+01
1.904166666666666742e+03 2.389999999999999858e+01
1.904250000000000000e+03 4.570000000000000284e+01
1.904333333333333258e+03 4.400000000000000000e+01
1.904416666666666742e+03 5.120000000000000284e+01
1.904500000000000000e+03 4.170000000000000284e+01
1.904583333333333258e+03 5.110000000000000142e+01
1.904666666666666742e+03 5.160000000000000142e+01
1.904750000000000000e+03 3.270000000000000284e+01
1.904833333333333258e+03 5.739999999999999858e+01
1.904916666666666742e+03 4.779999999999999716e+01
1.905000000000000000e+03 6.350000000000000000e+01
1.905083333333333258e+03 6.320000000000000284e+01
1.905166666666666742e+03 7.940000000000000568e+01
1.905250000000000000e+03 4.379999999999999716e+01
1.905333333333333258e+03 4.410000000000000142e+01
1.905416666666666742e+03 4.710000000000000142e+01
1.905500000000000000e+03 5.239999999999999858e+01
1.905583333333333258e+03 5.710000000000000142e+01
1.905666666666666742e+03 6.740000000000000568e+01
1.905750000000000000e+03 6.579999999999999716e+01
1.905833333333333258e+03 5.050000000000000000e+01
1.905916666666666742e+03 9.740000000000000568e+01
1.906000000000000000e+03 6.400000000000000000e+01
1.906083333333333258e+03 5.110000000000000142e+01
1.906166666666666742e+03 3.489999999999999858e+01
1.906250000000000000e+03 6.909999999999999432e+01
1.906333333333333258e+03 5.420000000000000284e+01
1.906416666666666742e+03 5.279999999999999716e+01
1.906500000000000000e+03 6.409999999999999432e+01
1.906583333333333258e+03 1.115999999999999943e+02
1.906666666666666742e+03 5.179999999999999716e+01
1.906750000000000000e+03 6.129999999999999716e+01
1.906833333333333258e+03 1.689999999999999858e+01
1.906916666666666742e+03 4.010000000000000142e+01
1.907000000000000000e+03 6.650000000000000000e+01
1.907083333333333258e+03 7.990000000000000568e+01
1.907166666666666742e+03 9.279999999999999716e+01
1.907250000000000000e+03 6.920000000000000284e+01
1.907333333333333258e+03 5.160000000000000142e+01
1.907416666666666742e+03 4.129999999999999716e+01
1.907500000000000000e+03 3.289999999999999858e+01
1.907583333333333258e+03 4.320000000000000284e+01
1.907666666666666742e+03 6.070000000000000284e+01
1.907750000000000000e+03 8.420000000000000284e+01
1.907833333333333258e+03 6.979999999999999716e+01
1.907916666666666742e+03 5.960000000000000142e+01
1.908000000000000000e+03 5.129999999999999716e+01
1.908083333333333258e+03 5.239999999999999858e+01
1.908166666666666742e+03 4.589999999999999858e+01
1.908250000000000000e+03 3.929999999999999716e+01
1.908333333333333258e+03 6.829999999999999716e+01
1.908416666666666742e+03 5.579999999999999716e+01
1.908500000000000000e+03 5.400000000000000000e+01
1.908583333333333258e+03 4.820000000000000284e+01
1.908666666666666742e+03 6.509999999999999432e+01
1.908750000000000000e+03 7.529999999999999716e+01
1.908833333333333258e+03 3.950000000000000000e+01
1.908916666666666742e+03 4.510000000000000142e+01
1.909000000000000000e+03 4.800000000000000000e+01
1.909083333333333258e+03 6.020000000000000284e+01
1.909166666666666742e+03 4.970000000000000284e+01
1.909250000000000000e+03 5.979999999999999716e+01
1.909333333333333258e+03 3.739999999999999858e+01
1.909416666666666742e+03 3.410000000000000142e+01
1.909500000000000000e+03 2.810000000000000142e+01
1.909583333333333258e+03 3.579999999999999716e+01
1.909666666666666742e+03 3.439999999999999858e+01
1.909750000000000000e+03 3.429999999999999716e+01
1.909833333333333258e+03 6.200000000000000000e+01
1.909916666666666742e+03 6.000000000000000000e+01
1.910000000000000000e+03 6.110000000000000142e+01
1.910083333333333258e+03 3.810000000000000142e+01
1.910166666666666742e+03 2.769999999999999929e+01
1.910250000000000000e+03 2.489999999999999858e+01
1.910333333333333258e+03 1.219999999999999929e+01
1.910416666666666742e+03 3.010000000000000142e+01
1.910500000000000000e+03 1.509999999999999964e+01
1.910583333333333258e+03 1.830000000000000071e+01
1.910666666666666742e+03 1.350000000000000000e+01
1.910750000000000000e+03 2.969999999999999929e+01
1.910833333333333258e+03 3.460000000000000142e+01
1.910916666666666742e+03 6.400000000000000355e+00
1.911000000000000000e+03 6.900000000000000355e+00
1.911083333333333258e+03 5.400000000000000355e+00
1.911166666666666742e+03 9.699999999999999289e+00
1.911250000000000000e+03 1.050000000000000000e+01
1.911333333333333258e+03 2.680000000000000071e+01
1.911416666666666742e+03 1.500000000000000000e+01
1.911500000000000000e+03 5.200000000000000178e+00
1.911583333333333258e+03 5.599999999999999645e+00
1.911666666666666742e+03 6.400000000000000355e+00
1.911750000000000000e+03 5.000000000000000000e+00
1.911833333333333258e+03 3.299999999999999822e+00
1.911916666666666742e+03 6.700000000000000178e+00
1.912000000000000000e+03 2.700000000000000178e+00
1.912083333333333258e+03 0.000000000000000000e+00
1.912166666666666742e+03 0.000000000000000000e+00
1.912250000000000000e+03 5.400000000000000355e+00
1.912333333333333258e+03 3.100000000000000089e+00
1.912416666666666742e+03 4.099999999999999645e+00
1.912500000000000000e+03 7.000000000000000000e+00
1.912583333333333258e+03 3.399999999999999911e+00
1.912666666666666742e+03 0.000000000000000000e+00
1.912750000000000000e+03 9.800000000000000711e+00
1.912833333333333258e+03 3.299999999999999822e+00
1.912916666666666742e+03 0.000000000000000000e+00
1.913000000000000000e+03 7.099999999999999645e+00
1.913083333333333258e+03 1.800000000000000044e+00
1.913166666666666742e+03 4.299999999999999822e+00
1.913250000000000000e+03 5.000000000000000000e-01
1.913333333333333258e+03 1.399999999999999911e+00
1.913416666666666742e+03 0.000000000000000000e+00
1.913500000000000000e+03 0.000000000000000000e+00
1.913583333333333258e+03 2.700000000000000178e+00
1.913666666666666742e+03 0.000000000000000000e+00
1.913750000000000000e+03 8.000000000000000444e-01
1.913833333333333258e+03 4.500000000000000000e+00
1.913916666666666742e+03 1.000000000000000056e-01
1.914000000000000000e+03 3.399999999999999911e+00
1.914083333333333258e+03 3.500000000000000000e+00
1.914166666666666742e+03 3.100000000000000089e+00
1.914250000000000000e+03 4.599999999999999645e+00
1.914333333333333258e+03 1.769999999999999929e+01
1.914416666666666742e+03 6.900000000000000355e+00
1.914500000000000000e+03 1.030000000000000071e+01
1.914583333333333258e+03 8.199999999999999289e+00
1.914666666666666742e+03 8.599999999999999645e+00
1.914750000000000000e+03 2.019999999999999929e+01
1.914833333333333258e+03 9.699999999999999289e+00
1.914916666666666742e+03 2.230000000000000071e+01
1.915000000000000000e+03 3.360000000000000142e+01
1.915083333333333258e+03 2.969999999999999929e+01
1.915166666666666742e+03 4.879999999999999716e+01
1.915250000000000000e+03 5.260000000000000142e+01
1.915333333333333258e+03 4.560000000000000142e+01
1.915416666666666742e+03 4.079999999999999716e+01
1.915500000000000000e+03 5.779999999999999716e+01
1.915583333333333258e+03 6.750000000000000000e+01
1.915666666666666742e+03 6.370000000000000284e+01
1.915750000000000000e+03 5.260000000000000142e+01
1.915833333333333258e+03 4.860000000000000142e+01
1.915916666666666742e+03 5.250000000000000000e+01
1.916000000000000000e+03 4.629999999999999716e+01
1.916083333333333258e+03 6.050000000000000000e+01
1.916166666666666742e+03 6.870000000000000284e+01
1.916250000000000000e+03 6.570000000000000284e+01
1.916333333333333258e+03 7.409999999999999432e+01
1.916416666666666742e+03 8.340000000000000568e+01
1.916500000000000000e+03 7.340000000000000568e+01
1.916583333333333258e+03 6.429999999999999716e+01
1.916666666666666742e+03 5.250000000000000000e+01
1.916750000000000000e+03 5.760000000000000142e+01
1.916833333333333258e+03 6.129999999999999716e+01
1.916916666666666742e+03 7.650000000000000000e+01
1.917000000000000000e+03 6.670000000000000284e+01
1.917083333333333258e+03 8.940000000000000568e+01
1.917166666666666742e+03 7.590000000000000568e+01
1.917250000000000000e+03 1.000000000000000000e+02
1.917333333333333258e+03 8.009999999999999432e+01
1.917416666666666742e+03 1.065999999999999943e+02
1.917500000000000000e+03 1.335999999999999943e+02
1.917583333333333258e+03 1.212999999999999972e+02
1.917666666666666742e+03 1.570999999999999943e+02
1.917750000000000000e+03 1.343000000000000114e+02
1.917833333333333258e+03 8.050000000000000000e+01
1.917916666666666742e+03 1.012000000000000028e+02
1.918000000000000000e+03 1.414000000000000057e+02
1.918083333333333258e+03 1.042999999999999972e+02
1.918166666666666742e+03 7.490000000000000568e+01
1.918250000000000000e+03 8.190000000000000568e+01
1.918333333333333258e+03 8.979999999999999716e+01
1.918416666666666742e+03 9.129999999999999716e+01
1.918500000000000000e+03 7.140000000000000568e+01
1.918583333333333258e+03 1.150000000000000000e+02
1.918666666666666742e+03 1.022000000000000028e+02
1.918750000000000000e+03 8.470000000000000284e+01
1.918833333333333258e+03 9.220000000000000284e+01
1.918916666666666742e+03 9.570000000000000284e+01
1.919000000000000000e+03 6.729999999999999716e+01
1.919083333333333258e+03 5.520000000000000284e+01
1.919166666666666742e+03 7.409999999999999432e+01
1.919250000000000000e+03 7.220000000000000284e+01
1.919333333333333258e+03 5.860000000000000142e+01
1.919416666666666742e+03 8.029999999999999716e+01
1.919500000000000000e+03 1.230000000000000000e+02
1.919583333333333258e+03 8.859999999999999432e+01
1.919666666666666742e+03 8.250000000000000000e+01
1.919750000000000000e+03 6.700000000000000000e+01
1.919833333333333258e+03 6.070000000000000284e+01
1.919916666666666742e+03 4.589999999999999858e+01
1.920000000000000000e+03 5.150000000000000000e+01
1.920083333333333258e+03 4.079999999999999716e+01
1.920166666666666742e+03 6.870000000000000284e+01
1.920250000000000000e+03 5.650000000000000000e+01
1.920333333333333258e+03 2.360000000000000142e+01
1.920416666666666742e+03 5.489999999999999858e+01
1.920500000000000000e+03 5.129999999999999716e+01
1.920583333333333258e+03 4.029999999999999716e+01
1.920666666666666742e+03 2.650000000000000000e+01
1.920750000000000000e+03 3.289999999999999858e+01
1.920833333333333258e+03 5.670000000000000284e+01
1.920916666666666742e+03 3.200000000000000000e+01
1.921000000000000000e+03 3.789999999999999858e+01
1.921083333333333258e+03 3.400000000000000000e+01
1.921166666666666742e+03 3.169999999999999929e+01
1.921250000000000000e+03 3.400000000000000000e+01
1.921333333333333258e+03 3.989999999999999858e+01
1.921416666666666742e+03 1.900000000000000000e+01
1.921500000000000000e+03 4.000000000000000000e+01
1.921583333333333258e+03 4.289999999999999858e+01
1.921666666666666742e+03 2.310000000000000142e+01
1.921750000000000000e+03 2.050000000000000000e+01
1.921833333333333258e+03 2.089999999999999858e+01
1.921916666666666742e+03 1.839999999999999858e+01
1.922000000000000000e+03 1.939999999999999858e+01
1.922083333333333258e+03 1.630000000000000071e+01
1.922166666666666742e+03 2.650000000000000000e+01
1.922250000000000000e+03 4.560000000000000142e+01
1.922333333333333258e+03 1.730000000000000071e+01
1.922416666666666742e+03 8.800000000000000711e+00
1.922500000000000000e+03 8.599999999999999645e+00
1.922583333333333258e+03 1.280000000000000071e+01
1.922666666666666742e+03 7.799999999999999822e+00
1.922750000000000000e+03 7.200000000000000178e+00
1.922833333333333258e+03 9.000000000000000000e+00
1.922916666666666742e+03 9.699999999999999289e+00
1.923000000000000000e+03 1.989999999999999858e+01
1.923083333333333258e+03 4.599999999999999645e+00
1.923166666666666742e+03 2.100000000000000089e+00
1.923250000000000000e+03 3.399999999999999911e+00
1.923333333333333258e+03 7.400000000000000355e+00
1.923416666666666742e+03 4.400000000000000355e+00
1.923500000000000000e+03 9.500000000000000000e+00
1.923583333333333258e+03 4.799999999999999822e+00
1.923666666666666742e+03 2.999999999999999889e-01
1.923750000000000000e+03 1.569999999999999929e+01
1.923833333333333258e+03 1.639999999999999858e+01
1.923916666666666742e+03 9.900000000000000355e+00
1.924000000000000000e+03 4.000000000000000000e+00
1.924083333333333258e+03 1.000000000000000056e-01
1.924166666666666742e+03 3.700000000000000178e+00
1.924250000000000000e+03 2.700000000000000178e+00
1.924333333333333258e+03 8.099999999999999645e+00
1.924416666666666742e+03 2.650000000000000000e+01
1.924500000000000000e+03 2.119999999999999929e+01
1.924583333333333258e+03 3.410000000000000142e+01
1.924666666666666742e+03 2.750000000000000000e+01
1.924750000000000000e+03 2.630000000000000071e+01
1.924833333333333258e+03 2.919999999999999929e+01
1.924916666666666742e+03 1.710000000000000142e+01
1.925000000000000000e+03 2.150000000000000000e+01
1.925083333333333258e+03 6.599999999999999645e+00
1.925166666666666742e+03 3.030000000000000071e+01
1.925250000000000000e+03 1.730000000000000071e+01
1.925333333333333258e+03 4.479999999999999716e+01
1.925416666666666742e+03 4.820000000000000284e+01
1.925500000000000000e+03 5.889999999999999858e+01
1.925583333333333258e+03 4.839999999999999858e+01
1.925666666666666742e+03 4.379999999999999716e+01
1.925750000000000000e+03 7.879999999999999716e+01
1.925833333333333258e+03 7.809999999999999432e+01
1.925916666666666742e+03 5.220000000000000284e+01
1.926000000000000000e+03 1.070999999999999943e+02
1.926083333333333258e+03 8.059999999999999432e+01
1.926166666666666742e+03 7.490000000000000568e+01
1.926250000000000000e+03 6.970000000000000284e+01
1.926333333333333258e+03 5.270000000000000284e+01
1.926416666666666742e+03 6.820000000000000284e+01
1.926500000000000000e+03 8.270000000000000284e+01
1.926583333333333258e+03 5.979999999999999716e+01
1.926666666666666742e+03 6.620000000000000284e+01
1.926750000000000000e+03 6.590000000000000568e+01
1.926833333333333258e+03 7.279999999999999716e+01
1.926916666666666742e+03 7.300000000000000000e+01
1.927000000000000000e+03 8.259999999999999432e+01
1.927083333333333258e+03 7.990000000000000568e+01
1.927166666666666742e+03 1.117000000000000028e+02
1.927250000000000000e+03 8.820000000000000284e+01
1.927333333333333258e+03 1.085000000000000000e+02
1.927416666666666742e+03 9.429999999999999716e+01
1.927500000000000000e+03 6.859999999999999432e+01
1.927583333333333258e+03 6.210000000000000142e+01
1.927666666666666742e+03 5.179999999999999716e+01
1.927750000000000000e+03 7.820000000000000284e+01
1.927833333333333258e+03 7.409999999999999432e+01
1.927916666666666742e+03 6.720000000000000284e+01
1.928000000000000000e+03 4.639999999999999858e+01
1.928083333333333258e+03 8.409999999999999432e+01
1.928166666666666742e+03 8.340000000000000568e+01
1.928250000000000000e+03 8.650000000000000000e+01
1.928333333333333258e+03 9.270000000000000284e+01
1.928416666666666742e+03 6.929999999999999716e+01
1.928500000000000000e+03 9.359999999999999432e+01
1.928583333333333258e+03 9.409999999999999432e+01
1.928666666666666742e+03 1.027000000000000028e+02
1.928750000000000000e+03 7.900000000000000000e+01
1.928833333333333258e+03 7.079999999999999716e+01
1.928916666666666742e+03 6.579999999999999716e+01
1.929000000000000000e+03 6.600000000000000000e+01
1.929083333333333258e+03 6.720000000000000284e+01
1.929166666666666742e+03 7.629999999999999716e+01
1.929250000000000000e+03 5.239999999999999858e+01
1.929333333333333258e+03 6.120000000000000284e+01
1.929416666666666742e+03 7.100000000000000000e+01
1.929500000000000000e+03 8.959999999999999432e+01
1.929583333333333258e+03 8.750000000000000000e+01
1.929666666666666742e+03 8.400000000000000000e+01
1.929750000000000000e+03 5.239999999999999858e+01
1.929833333333333258e+03 4.970000000000000284e+01
1.929916666666666742e+03 7.950000000000000000e+01
1.930000000000000000e+03 1.217999999999999972e+02
1.930083333333333258e+03 8.079999999999999716e+01
1.930166666666666742e+03 6.409999999999999432e+01
1.930250000000000000e+03 4.050000000000000000e+01
1.930333333333333258e+03 4.750000000000000000e+01
1.930416666666666742e+03 4.279999999999999716e+01
1.930500000000000000e+03 3.879999999999999716e+01
1.930583333333333258e+03 3.300000000000000000e+01
1.930666666666666742e+03 3.320000000000000284e+01
1.930750000000000000e+03 4.470000000000000284e+01
1.930833333333333258e+03 2.980000000000000071e+01
1.930916666666666742e+03 3.829999999999999716e+01
1.931000000000000000e+03 3.700000000000000000e+01
1.931083333333333258e+03 1.819999999999999929e+01
1.931166666666666742e+03 4.100000000000000000e+01
1.931250000000000000e+03 3.410000000000000142e+01
1.931333333333333258e+03 4.300000000000000000e+01
1.931416666666666742e+03 3.050000000000000000e+01
1.931500000000000000e+03 1.830000000000000071e+01
1.931583333333333258e+03 2.539999999999999858e+01
1.931666666666666742e+03 1.980000000000000071e+01
1.931750000000000000e+03 2.700000000000000000e+01
1.931833333333333258e+03 1.340000000000000036e+01
1.931916666666666742e+03 1.950000000000000000e+01
1.932000000000000000e+03 2.119999999999999929e+01
1.932083333333333258e+03 1.800000000000000000e+01
1.932166666666666742e+03 1.190000000000000036e+01
1.932250000000000000e+03 1.390000000000000036e+01
1.932333333333333258e+03 1.000000000000000000e+01
1.932416666666666742e+03 2.419999999999999929e+01
1.932500000000000000e+03 2.530000000000000071e+01
1.932583333333333258e+03 1.269999999999999929e+01
1.932666666666666742e+03 9.800000000000000711e+00
1.932750000000000000e+03 5.599999999999999645e+00
1.932833333333333258e+03 1.280000000000000071e+01
1.932916666666666742e+03 6.200000000000000178e+00
1.933000000000000000e+03 1.159999999999999964e+01
1.933083333333333258e+03 1.550000000000000000e+01
1.933166666666666742e+03 1.580000000000000071e+01
1.933250000000000000e+03 1.140000000000000036e+01
1.933333333333333258e+03 3.000000000000000000e+00
1.933416666666666742e+03 4.299999999999999822e+00
1.933500000000000000e+03 6.599999999999999645e+00
1.933583333333333258e+03 4.299999999999999822e+00
1.933666666666666742e+03 5.000000000000000000e-01
1.933750000000000000e+03 6.099999999999999645e+00
1.933833333333333258e+03 3.100000000000000089e+00
1.933916666666666742e+03 4.000000000000000222e-01
1.934000000000000000e+03 4.000000000000000222e-01
1.934083333333333258e+03 4.200000000000000178e+00
1.934166666666666742e+03 1.069999999999999929e+01
1.934250000000000000e+03 5.799999999999999822e+00
1.934333333333333258e+03 1.159999999999999964e+01
1.934416666666666742e+03 1.810000000000000142e+01
1.934500000000000000e+03 7.099999999999999645e+00
1.934583333333333258e+03 1.380000000000000071e+01
1.934666666666666742e+03 9.500000000000000000e+00
1.934750000000000000e+03 5.900000000000000355e+00
1.934833333333333258e+03 8.699999999999999289e+00
1.934916666666666742e+03 1.000000000000000000e+01
1.935000000000000000e+03 1.980000000000000071e+01
1.935083333333333258e+03 2.300000000000000000e+01
1.935166666666666742e+03 2.310000000000000142e+01
1.935250000000000000e+03 2.800000000000000000e+01
1.935333333333333258e+03 1.530000000000000071e+01
1.935416666666666742e+03 3.429999999999999716e+01
1.935500000000000000e+03 4.960000000000000142e+01
1.935583333333333258e+03 3.750000000000000000e+01
1.935666666666666742e+03 3.920000000000000284e+01
1.935750000000000000e+03 5.410000000000000142e+01
1.935833333333333258e+03 7.350000000000000000e+01
1.935916666666666742e+03 6.690000000000000568e+01
1.936000000000000000e+03 6.959999999999999432e+01
1.936083333333333258e+03 6.570000000000000284e+01
1.936166666666666742e+03 8.779999999999999716e+01
1.936250000000000000e+03 8.340000000000000568e+01
1.936333333333333258e+03 9.070000000000000284e+01
1.936416666666666742e+03 7.170000000000000284e+01
1.936500000000000000e+03 7.990000000000000568e+01
1.936583333333333258e+03 6.020000000000000284e+01
1.936666666666666742e+03 9.240000000000000568e+01
1.936750000000000000e+03 8.820000000000000284e+01
1.936833333333333258e+03 9.859999999999999432e+01
1.936916666666666742e+03 1.145000000000000000e+02
1.937000000000000000e+03 1.331999999999999886e+02
1.937083333333333258e+03 1.435000000000000000e+02
1.937166666666666742e+03 1.545000000000000000e+02
1.937250000000000000e+03 1.040000000000000000e+02
1.937333333333333258e+03 1.035999999999999943e+02
1.937416666666666742e+03 1.199000000000000057e+02
1.937500000000000000e+03 1.212000000000000028e+02
1.937583333333333258e+03 1.395999999999999943e+02
1.937666666666666742e+03 1.436999999999999886e+02
1.937750000000000000e+03 1.165000000000000000e+02
1.937833333333333258e+03 1.142999999999999972e+02
1.937916666666666742e+03 9.570000000000000284e+01
1.938000000000000000e+03 9.070000000000000284e+01
1.938083333333333258e+03 9.640000000000000568e+01
1.938166666666666742e+03 1.105000000000000000e+02
1.938250000000000000e+03 8.620000000000000284e+01
1.938333333333333258e+03 1.049000000000000057e+02
1.938416666666666742e+03 1.384000000000000057e+02
1.938500000000000000e+03 1.092999999999999972e+02
1.938583333333333258e+03 1.531999999999999886e+02
1.938666666666666742e+03 1.400000000000000000e+02
1.938750000000000000e+03 9.520000000000000284e+01
1.938833333333333258e+03 1.057000000000000028e+02
1.938916666666666742e+03 1.175000000000000000e+02
1.939000000000000000e+03 1.057000000000000028e+02
1.939083333333333258e+03 1.024000000000000057e+02
1.939166666666666742e+03 9.320000000000000284e+01
1.939250000000000000e+03 7.650000000000000000e+01
1.939333333333333258e+03 1.237999999999999972e+02
1.939416666666666742e+03 1.375000000000000000e+02
1.939500000000000000e+03 1.190999999999999943e+02
1.939583333333333258e+03 8.979999999999999716e+01
1.939666666666666742e+03 9.850000000000000000e+01
1.939750000000000000e+03 1.015000000000000000e+02
1.939833333333333258e+03 9.290000000000000568e+01
1.939916666666666742e+03 7.320000000000000284e+01
1.940000000000000000e+03 5.939999999999999858e+01
1.940083333333333258e+03 4.929999999999999716e+01
1.940166666666666742e+03 6.370000000000000284e+01
1.940250000000000000e+03 8.729999999999999716e+01
1.940333333333333258e+03 7.559999999999999432e+01
1.940416666666666742e+03 5.910000000000000142e+01
1.940500000000000000e+03 8.440000000000000568e+01
1.940583333333333258e+03 7.620000000000000284e+01
1.940666666666666742e+03 9.209999999999999432e+01
1.940750000000000000e+03 6.550000000000000000e+01
1.940833333333333258e+03 5.720000000000000284e+01
1.940916666666666742e+03 6.990000000000000568e+01
1.941000000000000000e+03 7.979999999999999716e+01
1.941083333333333258e+03 5.329999999999999716e+01
1.941166666666666742e+03 5.460000000000000142e+01
1.941250000000000000e+03 5.510000000000000142e+01
1.941333333333333258e+03 3.770000000000000284e+01
1.941416666666666742e+03 3.679999999999999716e+01
1.941500000000000000e+03 5.700000000000000000e+01
1.941583333333333258e+03 6.250000000000000000e+01
1.941666666666666742e+03 6.350000000000000000e+01
1.941750000000000000e+03 5.720000000000000284e+01
1.941833333333333258e+03 4.479999999999999716e+01
1.941916666666666742e+03 3.679999999999999716e+01
1.942000000000000000e+03 3.929999999999999716e+01
1.942083333333333258e+03 4.050000000000000000e+01
1.942166666666666742e+03 5.239999999999999858e+01
1.942250000000000000e+03 4.900000000000000000e+01
1.942333333333333258e+03 6.250000000000000000e+01
1.942416666666666742e+03 3.089999999999999858e+01
1.942500000000000000e+03 1.350000000000000000e+01
1.942583333333333258e+03 1.780000000000000071e+01
1.942666666666666742e+03 2.430000000000000071e+01
1.942750000000000000e+03 2.160000000000000142e+01
1.942833333333333258e+03 2.219999999999999929e+01
1.942916666666666742e+03 3.060000000000000142e+01
1.943000000000000000e+03 2.789999999999999858e+01
1.943083333333333258e+03 1.600000000000000000e+01
1.943166666666666742e+03 2.339999999999999858e+01
1.943250000000000000e+03 2.080000000000000071e+01
1.943333333333333258e+03 2.069999999999999929e+01
1.943416666666666742e+03 1.569999999999999929e+01
1.943500000000000000e+03 1.040000000000000036e+01
1.943583333333333258e+03 1.159999999999999964e+01
1.943666666666666742e+03 2.510000000000000142e+01
1.943750000000000000e+03 8.400000000000000355e+00
1.943833333333333258e+03 8.099999999999999645e+00
1.943916666666666742e+03 1.080000000000000071e+01
1.944000000000000000e+03 1.509999999999999964e+01
1.944083333333333258e+03 4.400000000000000355e+00
1.944166666666666742e+03 5.999999999999999778e-01
1.944250000000000000e+03 1.069999999999999929e+01
1.944333333333333258e+03 0.000000000000000000e+00
1.944416666666666742e+03 1.800000000000000044e+00
1.944500000000000000e+03 7.000000000000000000e+00
1.944583333333333258e+03 5.599999999999999645e+00
1.944666666666666742e+03 2.110000000000000142e+01
1.944750000000000000e+03 1.150000000000000000e+01
1.944833333333333258e+03 2.180000000000000071e+01
1.944916666666666742e+03 1.380000000000000071e+01
1.945000000000000000e+03 3.050000000000000000e+01
1.945083333333333258e+03 2.630000000000000071e+01
1.945166666666666742e+03 1.530000000000000071e+01
1.945250000000000000e+03 2.139999999999999858e+01
1.945333333333333258e+03 3.089999999999999858e+01
1.945416666666666742e+03 3.860000000000000142e+01
1.945500000000000000e+03 4.239999999999999858e+01
1.945583333333333258e+03 4.420000000000000284e+01
1.945666666666666742e+03 2.950000000000000000e+01
1.945750000000000000e+03 3.750000000000000000e+01
1.945833333333333258e+03 6.970000000000000284e+01
1.945916666666666742e+03 5.929999999999999716e+01
1.946000000000000000e+03 3.239999999999999858e+01
1.946083333333333258e+03 5.189999999999999858e+01
1.946166666666666742e+03 9.109999999999999432e+01
1.946250000000000000e+03 8.440000000000000568e+01
1.946333333333333258e+03 8.690000000000000568e+01
1.946416666666666742e+03 8.620000000000000284e+01
1.946500000000000000e+03 8.509999999999999432e+01
1.946583333333333258e+03 9.770000000000000284e+01
1.946666666666666742e+03 1.027000000000000028e+02
1.946750000000000000e+03 1.022999999999999972e+02
1.946833333333333258e+03 1.197999999999999972e+02
1.946916666666666742e+03 1.265999999999999943e+02
1.947000000000000000e+03 1.087000000000000028e+02
1.947083333333333258e+03 1.190000000000000000e+02
1.947166666666666742e+03 1.245999999999999943e+02
1.947250000000000000e+03 1.275999999999999943e+02
1.947333333333333258e+03 1.378000000000000114e+02
1.947416666666666742e+03 1.824000000000000057e+02
1.947500000000000000e+03 1.526999999999999886e+02
1.947583333333333258e+03 1.500000000000000000e+02
1.947666666666666742e+03 1.610000000000000000e+02
1.947750000000000000e+03 1.570999999999999943e+02
1.947833333333333258e+03 1.581999999999999886e+02
1.947916666666666742e+03 1.470999999999999943e+02
1.948000000000000000e+03 1.212999999999999972e+02
1.948083333333333258e+03 1.270000000000000000e+02
1.948166666666666742e+03 1.002999999999999972e+02
1.948250000000000000e+03 9.550000000000000000e+01
1.948333333333333258e+03 1.680000000000000000e+02
1.948416666666666742e+03 1.425999999999999943e+02
1.948500000000000000e+03 1.390999999999999943e+02
1.948583333333333258e+03 1.265999999999999943e+02
1.948666666666666742e+03 1.500999999999999943e+02
1.948750000000000000e+03 1.252000000000000028e+02
1.948833333333333258e+03 1.259000000000000057e+02
1.948916666666666742e+03 1.037000000000000028e+02
1.949000000000000000e+03 1.255000000000000000e+02
1.949083333333333258e+03 1.182999999999999972e+02
1.949166666666666742e+03 1.576999999999999886e+02
1.949250000000000000e+03 1.624000000000000057e+02
1.949333333333333258e+03 1.489000000000000057e+02
1.949416666666666742e+03 1.157999999999999972e+02
1.949500000000000000e+03 1.160999999999999943e+02
1.949583333333333258e+03 1.187000000000000028e+02
1.949666666666666742e+03 1.100000000000000000e+02
1.949750000000000000e+03 1.277000000000000028e+02
1.949833333333333258e+03 1.180000000000000000e+02
1.949916666666666742e+03 1.355000000000000000e+02
1.950000000000000000e+03 1.220999999999999943e+02
1.950083333333333258e+03 9.709999999999999432e+01
1.950166666666666742e+03 8.559999999999999432e+01
1.950250000000000000e+03 1.114000000000000057e+02
1.950333333333333258e+03 8.829999999999999716e+01
1.950416666666666742e+03 9.429999999999999716e+01
1.950500000000000000e+03 7.579999999999999716e+01
1.950583333333333258e+03 7.550000000000000000e+01
1.950666666666666742e+03 7.800000000000000000e+01
1.950750000000000000e+03 5.270000000000000284e+01
1.950833333333333258e+03 5.479999999999999716e+01
1.950916666666666742e+03 5.029999999999999716e+01
1.951000000000000000e+03 4.789999999999999858e+01
1.951083333333333258e+03 4.679999999999999716e+01
1.951166666666666742e+03 5.260000000000000142e+01
1.951250000000000000e+03 5.210000000000000142e+01
1.951333333333333258e+03 6.720000000000000284e+01
1.951416666666666742e+03 8.140000000000000568e+01
1.951500000000000000e+03 6.429999999999999716e+01
1.951583333333333258e+03 6.170000000000000284e+01
1.951666666666666742e+03 5.229999999999999716e+01
1.951750000000000000e+03 7.429999999999999716e+01
1.951833333333333258e+03 4.879999999999999716e+01
1.951916666666666742e+03 6.110000000000000142e+01
1.952000000000000000e+03 3.710000000000000142e+01
1.952083333333333258e+03 3.829999999999999716e+01
1.952166666666666742e+03 2.119999999999999929e+01
1.952250000000000000e+03 2.189999999999999858e+01
1.952333333333333258e+03 2.689999999999999858e+01
1.952416666666666742e+03 2.350000000000000000e+01
1.952500000000000000e+03 4.120000000000000284e+01
1.952583333333333258e+03 3.429999999999999716e+01
1.952666666666666742e+03 5.250000000000000000e+01
1.952750000000000000e+03 2.869999999999999929e+01
1.952833333333333258e+03 2.050000000000000000e+01
1.952916666666666742e+03 1.600000000000000000e+01
1.953000000000000000e+03 3.039999999999999858e+01
1.953083333333333258e+03 2.739999999999999858e+01
1.953166666666666742e+03 4.700000000000000178e+00
1.953250000000000000e+03 1.050000000000000000e+01
1.953333333333333258e+03 2.360000000000000142e+01
1.953416666666666742e+03 1.209999999999999964e+01
1.953500000000000000e+03 1.989999999999999858e+01
1.953583333333333258e+03 6.400000000000000355e+00
1.953666666666666742e+03 2.360000000000000142e+01
1.953750000000000000e+03 2.339999999999999858e+01
1.953833333333333258e+03 7.400000000000000355e+00
1.953916666666666742e+03 1.800000000000000044e+00
1.954000000000000000e+03 2.299999999999999822e+00
1.954083333333333258e+03 0.000000000000000000e+00
1.954166666666666742e+03 5.000000000000000000e-01
1.954250000000000000e+03 5.799999999999999822e+00
1.954333333333333258e+03 2.700000000000000178e+00
1.954416666666666742e+03 4.000000000000000222e-01
1.954500000000000000e+03 0.000000000000000000e+00
1.954583333333333258e+03 6.000000000000000000e+00
1.954666666666666742e+03 8.699999999999999289e+00
1.954750000000000000e+03 6.999999999999999556e-01
1.954833333333333258e+03 9.500000000000000000e+00
1.954916666666666742e+03 1.090000000000000036e+01
1.955000000000000000e+03 7.700000000000000178e+00
1.955083333333333258e+03 2.480000000000000071e+01
1.955166666666666742e+03 2.380000000000000071e+01
1.955250000000000000e+03 6.099999999999999645e+00
1.955333333333333258e+03 1.450000000000000000e+01
1.955416666666666742e+03 2.660000000000000142e+01
1.955500000000000000e+03 2.260000000000000142e+01
1.955583333333333258e+03 3.289999999999999858e+01
1.955666666666666742e+03 3.710000000000000142e+01
1.955750000000000000e+03 5.360000000000000142e+01
1.955833333333333258e+03 6.239999999999999858e+01
1.955916666666666742e+03 7.940000000000000568e+01
1.956000000000000000e+03 7.300000000000000000e+01
1.956083333333333258e+03 6.829999999999999716e+01
1.956166666666666742e+03 1.110000000000000000e+02
1.956250000000000000e+03 1.209000000000000057e+02
1.956333333333333258e+03 1.215000000000000000e+02
1.956416666666666742e+03 1.177999999999999972e+02
1.956500000000000000e+03 1.050000000000000000e+02
1.956583333333333258e+03 1.160000000000000000e+02
1.956666666666666742e+03 1.543000000000000114e+02
1.956750000000000000e+03 1.649000000000000057e+02
1.956833333333333258e+03 1.331999999999999886e+02
1.956916666666666742e+03 1.449000000000000057e+02
1.957000000000000000e+03 1.559000000000000057e+02
1.957083333333333258e+03 1.451999999999999886e+02
1.957166666666666742e+03 1.285000000000000000e+02
1.957250000000000000e+03 1.454000000000000057e+02
1.957333333333333258e+03 1.595999999999999943e+02
1.957416666666666742e+03 1.395000000000000000e+02
1.957500000000000000e+03 1.575999999999999943e+02
1.957583333333333258e+03 1.689000000000000057e+02
1.957666666666666742e+03 1.413000000000000114e+02
1.957750000000000000e+03 1.640999999999999943e+02
1.957833333333333258e+03 2.220999999999999943e+02
1.957916666666666742e+03 1.998000000000000114e+02
1.958000000000000000e+03 2.190000000000000000e+02
1.958083333333333258e+03 2.200000000000000000e+02
1.958166666666666742e+03 1.626999999999999886e+02
1.958250000000000000e+03 1.569000000000000057e+02
1.958333333333333258e+03 1.878000000000000114e+02
1.958416666666666742e+03 1.848000000000000114e+02
1.958500000000000000e+03 1.558000000000000114e+02
1.958583333333333258e+03 1.670000000000000000e+02
1.958666666666666742e+03 1.815999999999999943e+02
1.958750000000000000e+03 1.880000000000000000e+02
1.958833333333333258e+03 1.738000000000000114e+02
1.958916666666666742e+03 1.466999999999999886e+02
1.959000000000000000e+03 1.765000000000000000e+02
1.959083333333333258e+03 2.125999999999999943e+02
1.959166666666666742e+03 1.448000000000000114e+02
1.959250000000000000e+03 1.741999999999999886e+02
1.959333333333333258e+03 1.600999999999999943e+02
1.959416666666666742e+03 1.451999999999999886e+02
1.959500000000000000e+03 1.595999999999999943e+02
1.959583333333333258e+03 1.420000000000000000e+02
1.959666666666666742e+03 1.705999999999999943e+02
1.959750000000000000e+03 1.399000000000000057e+02
1.959833333333333258e+03 1.175000000000000000e+02
1.959916666666666742e+03 1.105999999999999943e+02
1.960000000000000000e+03 1.172000000000000028e+02
1.960083333333333258e+03 1.464000000000000057e+02
1.960166666666666742e+03 1.002999999999999972e+02
1.960250000000000000e+03 9.900000000000000000e+01
1.960333333333333258e+03 9.890000000000000568e+01
1.960416666666666742e+03 1.095999999999999943e+02
1.960500000000000000e+03 1.052000000000000028e+02
1.960583333333333258e+03 1.052999999999999972e+02
1.960666666666666742e+03 1.100000000000000000e+02
1.960750000000000000e+03 1.294000000000000057e+02
1.960833333333333258e+03 7.690000000000000568e+01
1.960916666666666742e+03 7.420000000000000284e+01
1.961000000000000000e+03 9.040000000000000568e+01
1.961083333333333258e+03 4.850000000000000000e+01
1.961166666666666742e+03 4.639999999999999858e+01
1.961250000000000000e+03 5.879999999999999716e+01
1.961333333333333258e+03 6.260000000000000142e+01
1.961416666666666742e+03 4.500000000000000000e+01
1.961500000000000000e+03 6.550000000000000000e+01
1.961583333333333258e+03 5.889999999999999858e+01
1.961666666666666742e+03 5.189999999999999858e+01
1.961750000000000000e+03 4.350000000000000000e+01
1.961833333333333258e+03 3.939999999999999858e+01
1.961916666666666742e+03 3.420000000000000284e+01
1.962000000000000000e+03 3.460000000000000142e+01
1.962083333333333258e+03 2.719999999999999929e+01
1.962166666666666742e+03 3.729999999999999716e+01
1.962250000000000000e+03 3.600000000000000000e+01
1.962333333333333258e+03 3.779999999999999716e+01
1.962416666666666742e+03 3.550000000000000000e+01
1.962500000000000000e+03 4.020000000000000284e+01
1.962583333333333258e+03 1.939999999999999858e+01
1.962666666666666742e+03 1.650000000000000000e+01
1.962750000000000000e+03 4.289999999999999858e+01
1.962833333333333258e+03 3.600000000000000000e+01
1.962916666666666742e+03 2.460000000000000142e+01
1.963000000000000000e+03 2.339999999999999858e+01
1.963083333333333258e+03 2.219999999999999929e+01
1.963166666666666742e+03 2.419999999999999929e+01
1.963250000000000000e+03 1.680000000000000071e+01
1.963333333333333258e+03 2.319999999999999929e+01
1.963416666666666742e+03 3.650000000000000000e+01
1.963500000000000000e+03 3.189999999999999858e+01
1.963583333333333258e+03 1.880000000000000071e+01
1.963666666666666742e+03 2.930000000000000071e+01
1.963750000000000000e+03 2.869999999999999929e+01
1.963833333333333258e+03 2.789999999999999858e+01
1.963916666666666742e+03 2.239999999999999858e+01
1.964000000000000000e+03 1.180000000000000071e+01
1.964083333333333258e+03 1.689999999999999858e+01
1.964166666666666742e+03 1.700000000000000000e+01
1.964250000000000000e+03 1.509999999999999964e+01
1.964333333333333258e+03 8.099999999999999645e+00
1.964416666666666742e+03 9.099999999999999645e+00
1.964500000000000000e+03 9.199999999999999289e+00
1.964583333333333258e+03 3.700000000000000178e+00
1.964666666666666742e+03 9.000000000000000000e+00
1.964750000000000000e+03 4.900000000000000355e+00
1.964833333333333258e+03 5.599999999999999645e+00
1.964916666666666742e+03 5.900000000000000355e+00
1.965000000000000000e+03 1.800000000000000000e+01
1.965083333333333258e+03 2.030000000000000071e+01
1.965166666666666742e+03 2.000000000000000000e+01
1.965250000000000000e+03 1.340000000000000036e+01
1.965333333333333258e+03 7.900000000000000355e+00
1.965416666666666742e+03 2.019999999999999929e+01
1.965500000000000000e+03 1.359999999999999964e+01
1.965583333333333258e+03 9.699999999999999289e+00
1.965666666666666742e+03 7.500000000000000000e+00
1.965750000000000000e+03 1.580000000000000071e+01
1.965833333333333258e+03 1.610000000000000142e+01
1.965916666666666742e+03 1.459999999999999964e+01
1.966000000000000000e+03 1.580000000000000071e+01
1.966083333333333258e+03 2.169999999999999929e+01
1.966166666666666742e+03 2.400000000000000000e+01
1.966250000000000000e+03 1.630000000000000071e+01
1.966333333333333258e+03 3.400000000000000000e+01
1.966416666666666742e+03 3.679999999999999716e+01
1.966500000000000000e+03 5.010000000000000142e+01
1.966583333333333258e+03 6.029999999999999716e+01
1.966666666666666742e+03 5.470000000000000284e+01
1.966750000000000000e+03 3.929999999999999716e+01
1.966833333333333258e+03 5.879999999999999716e+01
1.966916666666666742e+03 6.000000000000000000e+01
1.967000000000000000e+03 6.929999999999999716e+01
1.967083333333333258e+03 1.040000000000000000e+02
1.967166666666666742e+03 1.005000000000000000e+02
1.967250000000000000e+03 1.027000000000000028e+02
1.967333333333333258e+03 8.100000000000000000e+01
1.967416666666666742e+03 9.090000000000000568e+01
1.967500000000000000e+03 7.290000000000000568e+01
1.967583333333333258e+03 9.179999999999999716e+01
1.967666666666666742e+03 9.750000000000000000e+01
1.967750000000000000e+03 8.500000000000000000e+01
1.967833333333333258e+03 9.429999999999999716e+01
1.967916666666666742e+03 9.890000000000000568e+01
1.968000000000000000e+03 1.296999999999999886e+02
1.968083333333333258e+03 1.035000000000000000e+02
1.968166666666666742e+03 1.019000000000000057e+02
1.968250000000000000e+03 9.350000000000000000e+01
1.968333333333333258e+03 8.650000000000000000e+01
1.968416666666666742e+03 1.323000000000000114e+02
1.968500000000000000e+03 1.075000000000000000e+02
1.968583333333333258e+03 8.759999999999999432e+01
1.968666666666666742e+03 1.024000000000000057e+02
1.968750000000000000e+03 1.167000000000000028e+02
1.968833333333333258e+03 8.400000000000000000e+01
1.968916666666666742e+03 7.620000000000000284e+01
1.969000000000000000e+03 8.620000000000000284e+01
1.969083333333333258e+03 8.790000000000000568e+01
1.969166666666666742e+03 9.690000000000000568e+01
1.969250000000000000e+03 1.200000000000000000e+02
1.969333333333333258e+03 9.329999999999999716e+01
1.969416666666666742e+03 1.122999999999999972e+02
1.969500000000000000e+03 9.559999999999999432e+01
1.969583333333333258e+03 9.390000000000000568e+01
1.969666666666666742e+03 8.000000000000000000e+01
1.969750000000000000e+03 9.029999999999999716e+01
1.969833333333333258e+03 8.359999999999999432e+01
1.969916666666666742e+03 8.379999999999999716e+01
1.970000000000000000e+03 1.137999999999999972e+02
1.970083333333333258e+03 1.120999999999999943e+02
1.970166666666666742e+03 1.262999999999999972e+02
1.970250000000000000e+03 1.054000000000000057e+02
1.970333333333333258e+03 1.060000000000000000e+02
1.970416666666666742e+03 1.277000000000000028e+02
1.970500000000000000e+03 1.015999999999999943e+02
1.970583333333333258e+03 1.145999999999999943e+02
1.970666666666666742e+03 9.879999999999999716e+01
1.970750000000000000e+03 1.177999999999999972e+02
1.970833333333333258e+03 9.229999999999999716e+01
1.970916666666666742e+03 1.045000000000000000e+02
1.971000000000000000e+03 9.450000000000000000e+01
1.971083333333333258e+03 8.800000000000000000e+01
1.971166666666666742e+03 8.400000000000000000e+01
1.971250000000000000e+03 7.440000000000000568e+01
1.971333333333333258e+03 8.909999999999999432e+01
1.971416666666666742e+03 6.150000000000000000e+01
1.971500000000000000e+03 6.000000000000000000e+01
1.971583333333333258e+03 8.879999999999999716e+01
1.971666666666666742e+03 6.679999999999999716e+01
1.971750000000000000e+03 5.250000000000000000e+01
1.971833333333333258e+03 5.379999999999999716e+01
1.971916666666666742e+03 6.959999999999999432e+01
1.972000000000000000e+03 9.329999999999999716e+01
1.972083333333333258e+03 6.659999999999999432e+01
1.972166666666666742e+03 8.409999999999999432e+01
1.972250000000000000e+03 8.620000000000000284e+01
1.972333333333333258e+03 7.409999999999999432e+01
1.972416666666666742e+03 6.229999999999999716e+01
1.972500000000000000e+03 8.600000000000000000e+01
1.972583333333333258e+03 9.129999999999999716e+01
1.972666666666666742e+03 7.909999999999999432e+01
1.972750000000000000e+03 7.729999999999999716e+01
1.972833333333333258e+03 6.729999999999999716e+01
1.972916666666666742e+03 4.670000000000000284e+01
1.973000000000000000e+03 4.300000000000000000e+01
1.973083333333333258e+03 4.239999999999999858e+01
1.973166666666666742e+03 5.250000000000000000e+01
1.973250000000000000e+03 4.350000000000000000e+01
1.973333333333333258e+03 4.750000000000000000e+01
1.973416666666666742e+03 3.770000000000000284e+01
1.973500000000000000e+03 4.439999999999999858e+01
1.973583333333333258e+03 2.400000000000000000e+01
1.973666666666666742e+03 3.150000000000000000e+01
1.973750000000000000e+03 6.440000000000000568e+01
1.973833333333333258e+03 3.650000000000000000e+01
1.973916666666666742e+03 2.319999999999999929e+01
1.974000000000000000e+03 2.339999999999999858e+01
1.974083333333333258e+03 3.350000000000000000e+01
1.974166666666666742e+03 2.750000000000000000e+01
1.974250000000000000e+03 2.480000000000000071e+01
1.974333333333333258e+03 3.229999999999999716e+01
1.974416666666666742e+03 3.929999999999999716e+01
1.974500000000000000e+03 3.019999999999999929e+01
1.974583333333333258e+03 4.800000000000000000e+01
1.974666666666666742e+03 4.310000000000000142e+01
1.974750000000000000e+03 4.289999999999999858e+01
1.974833333333333258e+03 4.170000000000000284e+01
1.974916666666666742e+03 2.519999999999999929e+01
1.975000000000000000e+03 2.019999999999999929e+01
1.975083333333333258e+03 2.219999999999999929e+01
1.975166666666666742e+03 1.009999999999999964e+01
1.975250000000000000e+03 9.800000000000000711e+00
1.975333333333333258e+03 4.700000000000000178e+00
1.975416666666666742e+03 8.300000000000000711e+00
1.975500000000000000e+03 1.200000000000000000e+01
1.975583333333333258e+03 3.169999999999999929e+01
1.975666666666666742e+03 2.800000000000000000e+01
1.975750000000000000e+03 1.769999999999999929e+01
1.975833333333333258e+03 1.030000000000000071e+01
1.975916666666666742e+03 1.769999999999999929e+01
1.976000000000000000e+03 8.099999999999999645e+00
1.976083333333333258e+03 8.599999999999999645e+00
1.976166666666666742e+03 4.400000000000000355e+00
1.976250000000000000e+03 1.700000000000000000e+01
1.976333333333333258e+03 2.110000000000000142e+01
1.976416666666666742e+03 1.530000000000000071e+01
1.976500000000000000e+03 1.380000000000000071e+01
1.976583333333333258e+03 2.899999999999999911e+00
1.976666666666666742e+03 1.810000000000000142e+01
1.976750000000000000e+03 1.580000000000000071e+01
1.976833333333333258e+03 2.339999999999999858e+01
1.976916666666666742e+03 5.500000000000000000e+00
1.977000000000000000e+03 1.630000000000000071e+01
1.977083333333333258e+03 1.839999999999999858e+01
1.977166666666666742e+03 2.319999999999999929e+01
1.977250000000000000e+03 1.250000000000000000e+01
1.977333333333333258e+03 1.309999999999999964e+01
1.977416666666666742e+03 1.969999999999999929e+01
1.977500000000000000e+03 3.119999999999999929e+01
1.977583333333333258e+03 2.450000000000000000e+01
1.977666666666666742e+03 3.350000000000000000e+01
1.977750000000000000e+03 4.379999999999999716e+01
1.977833333333333258e+03 5.479999999999999716e+01
1.977916666666666742e+03 3.889999999999999858e+01
1.978000000000000000e+03 4.810000000000000142e+01
1.978083333333333258e+03 6.020000000000000284e+01
1.978166666666666742e+03 9.909999999999999432e+01
1.978250000000000000e+03 9.259999999999999432e+01
1.978333333333333258e+03 1.175999999999999943e+02
1.978416666666666742e+03 9.150000000000000000e+01
1.978500000000000000e+03 1.065999999999999943e+02
1.978583333333333258e+03 7.879999999999999716e+01
1.978666666666666742e+03 6.750000000000000000e+01
1.978750000000000000e+03 1.299000000000000057e+02
1.978833333333333258e+03 1.503000000000000114e+02
1.978916666666666742e+03 1.087999999999999972e+02
1.979000000000000000e+03 1.290000000000000000e+02
1.979083333333333258e+03 1.794000000000000057e+02
1.979166666666666742e+03 1.456999999999999886e+02
1.979250000000000000e+03 1.660000000000000000e+02
1.979333333333333258e+03 9.620000000000000284e+01
1.979416666666666742e+03 1.545999999999999943e+02
1.979500000000000000e+03 1.513000000000000114e+02
1.979583333333333258e+03 1.569000000000000057e+02
1.979666666666666742e+03 1.350000000000000000e+02
1.979750000000000000e+03 1.660999999999999943e+02
1.979833333333333258e+03 1.750999999999999943e+02
1.979916666666666742e+03 1.740999999999999943e+02
1.980000000000000000e+03 1.675000000000000000e+02
1.980083333333333258e+03 1.435000000000000000e+02
1.980166666666666742e+03 1.262000000000000028e+02
1.980250000000000000e+03 1.286999999999999886e+02
1.980333333333333258e+03 1.154000000000000057e+02
1.980416666666666742e+03 1.550999999999999943e+02
1.980500000000000000e+03 1.534000000000000057e+02
1.980583333333333258e+03 1.423000000000000114e+02
1.980666666666666742e+03 1.454000000000000057e+02
1.980750000000000000e+03 1.446999999999999886e+02
1.980833333333333258e+03 1.500999999999999943e+02
1.980916666666666742e+03 1.232000000000000028e+02
1.981000000000000000e+03 1.654000000000000057e+02
1.981083333333333258e+03 1.265999999999999943e+02
1.981166666666666742e+03 1.270000000000000000e+02
1.981250000000000000e+03 1.425000000000000000e+02
1.981333333333333258e+03 1.498000000000000114e+02
1.981416666666666742e+03 1.339000000000000057e+02
1.981500000000000000e+03 9.370000000000000284e+01
1.981583333333333258e+03 1.375000000000000000e+02
1.981666666666666742e+03 1.495999999999999943e+02
1.981750000000000000e+03 1.806999999999999886e+02
1.981833333333333258e+03 1.501999999999999886e+02
1.981916666666666742e+03 1.398000000000000114e+02
1.982000000000000000e+03 1.600000000000000000e+02
1.982083333333333258e+03 1.270999999999999943e+02
1.982166666666666742e+03 1.578000000000000114e+02
1.982250000000000000e+03 1.533000000000000114e+02
1.982333333333333258e+03 1.380999999999999943e+02
1.982416666666666742e+03 9.429999999999999716e+01
1.982500000000000000e+03 1.010999999999999943e+02
1.982583333333333258e+03 8.620000000000000284e+01
1.982666666666666742e+03 1.065000000000000000e+02
1.982750000000000000e+03 1.195999999999999943e+02
1.982833333333333258e+03 1.009000000000000057e+02
1.982916666666666742e+03 1.037000000000000028e+02
1.983000000000000000e+03 1.087000000000000028e+02
1.983083333333333258e+03 1.005000000000000000e+02
1.983166666666666742e+03 6.540000000000000568e+01
1.983250000000000000e+03 7.470000000000000284e+01
1.983333333333333258e+03 8.220000000000000284e+01
1.983416666666666742e+03 9.620000000000000284e+01
1.983500000000000000e+03 8.479999999999999716e+01
1.983583333333333258e+03 8.900000000000000000e+01
1.983666666666666742e+03 7.579999999999999716e+01
1.983750000000000000e+03 5.850000000000000000e+01
1.983833333333333258e+03 5.810000000000000142e+01
1.983916666666666742e+03 3.670000000000000284e+01
1.984000000000000000e+03 3.770000000000000284e+01
1.984083333333333258e+03 5.470000000000000284e+01
1.984166666666666742e+03 7.109999999999999432e+01
1.984250000000000000e+03 9.459999999999999432e+01
1.984333333333333258e+03 5.179999999999999716e+01
1.984416666666666742e+03 5.589999999999999858e+01
1.984500000000000000e+03 5.250000000000000000e+01
1.984583333333333258e+03 5.460000000000000142e+01
1.984666666666666742e+03 2.780000000000000071e+01
1.984750000000000000e+03 1.610000000000000142e+01
1.984833333333333258e+03 9.199999999999999289e+00
1.984916666666666742e+03 1.919999999999999929e+01
1.985000000000000000e+03 2.069999999999999929e+01
1.985083333333333258e+03 1.309999999999999964e+01
1.985166666666666742e+03 1.919999999999999929e+01
1.985250000000000000e+03 1.580000000000000071e+01
1.985333333333333258e+03 1.319999999999999929e+01
1.985416666666666742e+03 2.719999999999999929e+01
1.985500000000000000e+03 2.939999999999999858e+01
1.985583333333333258e+03 2.939999999999999858e+01
1.985666666666666742e+03 1.250000000000000000e+01
1.985750000000000000e+03 6.000000000000000000e+00
1.985833333333333258e+03 1.290000000000000036e+01
1.985916666666666742e+03 1.419999999999999929e+01
1.986000000000000000e+03 1.040000000000000036e+01
1.986083333333333258e+03 3.600000000000000089e+00
1.986166666666666742e+03 1.650000000000000000e+01
1.986250000000000000e+03 1.080000000000000071e+01
1.986333333333333258e+03 1.710000000000000142e+01
1.986416666666666742e+03 1.419999999999999929e+01
1.986500000000000000e+03 9.000000000000000222e-01
1.986583333333333258e+03 1.680000000000000071e+01
1.986666666666666742e+03 9.800000000000000711e+00
1.986750000000000000e+03 5.099999999999999645e+00
1.986833333333333258e+03 2.969999999999999929e+01
1.986916666666666742e+03 1.450000000000000000e+01
1.987000000000000000e+03 6.400000000000000355e+00
1.987083333333333258e+03 1.140000000000000036e+01
1.987166666666666742e+03 6.000000000000000000e+00
1.987250000000000000e+03 1.669999999999999929e+01
1.987333333333333258e+03 3.750000000000000000e+01
1.987416666666666742e+03 2.819999999999999929e+01
1.987500000000000000e+03 1.750000000000000000e+01
1.987583333333333258e+03 2.900000000000000000e+01
1.987666666666666742e+03 3.650000000000000000e+01
1.987750000000000000e+03 3.329999999999999716e+01
1.987833333333333258e+03 4.700000000000000000e+01
1.987916666666666742e+03 4.060000000000000142e+01
1.988000000000000000e+03 2.739999999999999858e+01
1.988083333333333258e+03 5.700000000000000000e+01
1.988166666666666742e+03 4.500000000000000000e+01
1.988250000000000000e+03 5.600000000000000000e+01
1.988333333333333258e+03 7.820000000000000284e+01
1.988416666666666742e+03 6.050000000000000000e+01
1.988500000000000000e+03 8.820000000000000284e+01
1.988583333333333258e+03 8.370000000000000284e+01
1.988666666666666742e+03 9.970000000000000284e+01
1.988750000000000000e+03 1.250999999999999943e+02
1.988833333333333258e+03 1.122999999999999972e+02
1.988916666666666742e+03 1.160000000000000000e+02
1.989000000000000000e+03 1.499000000000000057e+02
1.989083333333333258e+03 1.225000000000000000e+02
1.989166666666666742e+03 1.365000000000000000e+02
1.989250000000000000e+03 1.260000000000000000e+02
1.989333333333333258e+03 1.240999999999999943e+02
1.989416666666666742e+03 1.460999999999999943e+02
1.989500000000000000e+03 1.819000000000000057e+02
1.989583333333333258e+03 1.475000000000000000e+02
1.989666666666666742e+03 1.845999999999999943e+02
1.989750000000000000e+03 1.354000000000000057e+02
1.989833333333333258e+03 1.669000000000000057e+02
1.989916666666666742e+03 1.435000000000000000e+02
1.990000000000000000e+03 1.569000000000000057e+02
1.990083333333333258e+03 1.660000000000000000e+02
1.990166666666666742e+03 1.365000000000000000e+02
1.990250000000000000e+03 1.364000000000000057e+02
1.990333333333333258e+03 1.420999999999999943e+02
1.990416666666666742e+03 1.310999999999999943e+02
1.990500000000000000e+03 1.363000000000000114e+02
1.990583333333333258e+03 1.495000000000000000e+02
1.990666666666666742e+03 1.959000000000000057e+02
1.990750000000000000e+03 1.550999999999999943e+02
1.990833333333333258e+03 1.633000000000000114e+02
1.990916666666666742e+03 1.315000000000000000e+02
1.991000000000000000e+03 1.385000000000000000e+02
1.991083333333333258e+03 1.313000000000000114e+02
1.991166666666666742e+03 1.775000000000000000e+02
1.991250000000000000e+03 1.259000000000000057e+02
1.991333333333333258e+03 1.555000000000000000e+02
1.991416666666666742e+03 1.310000000000000000e+02
1.991500000000000000e+03 1.681999999999999886e+02
1.991583333333333258e+03 1.760999999999999943e+02
1.991666666666666742e+03 1.791999999999999886e+02
1.991750000000000000e+03 1.320999999999999943e+02
1.991833333333333258e+03 1.272000000000000028e+02
1.991916666666666742e+03 1.230999999999999943e+02
1.992000000000000000e+03 1.277000000000000028e+02
1.992083333333333258e+03 1.375000000000000000e+02
1.992166666666666742e+03 1.635000000000000000e+02
1.992250000000000000e+03 1.254000000000000057e+02
1.992333333333333258e+03 9.779999999999999716e+01
1.992416666666666742e+03 7.340000000000000568e+01
1.992500000000000000e+03 7.850000000000000000e+01
1.992583333333333258e+03 7.490000000000000568e+01
1.992666666666666742e+03 6.160000000000000142e+01
1.992750000000000000e+03 7.100000000000000000e+01
1.992833333333333258e+03 8.920000000000000284e+01
1.992916666666666742e+03 9.470000000000000284e+01
1.993000000000000000e+03 8.640000000000000568e+01
1.993083333333333258e+03 6.970000000000000284e+01
1.993166666666666742e+03 8.200000000000000000e+01
1.993250000000000000e+03 6.750000000000000000e+01
1.993333333333333258e+03 5.960000000000000142e+01
1.993416666666666742e+03 5.350000000000000000e+01
1.993500000000000000e+03 4.460000000000000142e+01
1.993583333333333258e+03 6.900000000000000000e+01
1.993666666666666742e+03 4.920000000000000284e+01
1.993750000000000000e+03 2.700000000000000000e+01
1.993833333333333258e+03 4.729999999999999716e+01
1.993916666666666742e+03 3.039999999999999858e+01
1.994000000000000000e+03 4.660000000000000142e+01
1.994083333333333258e+03 5.110000000000000142e+01
1.994166666666666742e+03 4.739999999999999858e+01
1.994250000000000000e+03 4.100000000000000000e+01
1.994333333333333258e+03 2.410000000000000142e+01
1.994416666666666742e+03 2.669999999999999929e+01
1.994500000000000000e+03 3.370000000000000284e+01
1.994583333333333258e+03 4.100000000000000000e+01
1.994666666666666742e+03 2.819999999999999929e+01
1.994750000000000000e+03 3.210000000000000142e+01
1.994833333333333258e+03 4.900000000000000000e+01
1.994916666666666742e+03 2.750000000000000000e+01
1.995000000000000000e+03 2.650000000000000000e+01
1.995083333333333258e+03 2.769999999999999929e+01
1.995166666666666742e+03 3.960000000000000142e+01
1.995250000000000000e+03 3.539999999999999858e+01
1.995333333333333258e+03 1.100000000000000000e+01
1.995416666666666742e+03 1.509999999999999964e+01
1.995500000000000000e+03 1.830000000000000071e+01
1.995583333333333258e+03 1.700000000000000000e+01
1.995666666666666742e+03 1.850000000000000000e+01
1.995750000000000000e+03 1.250000000000000000e+01
1.995833333333333258e+03 1.390000000000000036e+01
1.995916666666666742e+03 1.169999999999999929e+01
1.996000000000000000e+03 7.599999999999999645e+00
